-0.07568474860761425
0.03906309605554284
0.014648661020828565
0.13672083619439995
0.1342793926909285
0.14892805371175707
0.15869382772564278
0.27100022888532843
0.2905317769130999
0.3100633249408713
0.25391012436102844
0.388189517051957
0.39551384756237123
0.39551384756237123
0.39551384756237123
0.38330663004501414
0.42481116960402837
0.4956130312046998
0.4931715877012284
0.5249103532463569
0.6787212939650569
0.6274509803921569
0.6103608758678569
0.622568093385214
0.6543068589303426
0.7397573815518426
0.7910276951247425
0.8276493476768139
0.861829556725414
0.8935683222705425
0.856946669718471
0.9619287403677425
0.959487296864271
0.9741359578850995
0.959487296864271
1.0717936980239566
1.1279468986037995
1.1621271076523996
1.1474784466315708
1.1450370031280994
1.2597848477912565
1.2671091783016708
1.330586709391928
1.3574425879301137
1.3281452658884565
1.296406500343328
1.3745326924544137
1.3696498054474708
1.4941634241245136
1.4233615625238423
1.5381094071869994
1.577172503242542
1.6284428168154421
1.6577401388570994
1.6284428168154421
1.6235599298084993
1.633325703822385
1.667505912870985
1.777370870527199
1.684596017395285
1.765163653009842
1.7505149919890135
1.8652628366521706
1.8017853055619135
1.8213168535896849
1.987335011825742
1.918974593728542
1.9458304722667277
2.021515220874342
2.0630197604333564
2.1142900740062562
2.124055848020142
2.1167315175097277
2.102082856488899
2.209506370641642
2.1948577096208135
2.2192721446555277
2.3218127718013277
2.316929884794385
2.2485694666971847
2.3486686503395133
2.3437857633325705
2.421911955443656
2.42923628595407
2.4512092774853134
2.4463263904783705
2.4414435034714277
2.478065156023499
2.5342183566033416
2.614785992217899
2.597695887693599
2.695353627832456
2.68558785381857
2.6489662012664987
2.6489662012664987
2.746623941405356
2.746623941405356
2.7075608453498132
2.8296330205233846
2.8247501335164418
2.7954528114747843
